 0.1 21 12 12
 -200.00   -40.00   -35.00   -30.00   -26.00   -22.00   -18.00   -15.00   -12.00    -9.00    -6.00    -3.00     0.00     3.00     6.00    10.00    15.00    20.00    30.00    43.00   200.00 
 -200.00   -16.00   -10.00    -6.00    -3.00     0.00     2.00     4.00     6.00     9.00    15.00   200.00 
 -100.00     0.00     5.00     6.00     7.00     8.00     9.00    10.00    11.00    13.00    25.00   150.00 
   0.001    0.001    0.001    0.001    0.001    0.001    0.001    0.001    0.001    0.001    0.001    0.001    0.001    0.001    0.001    0.001    0.001    0.001    0.001    0.001    0.001 
   0.001    0.001    0.001    0.001    0.001    0.001    0.001    0.001    0.001    0.001    0.001    0.001    0.001    0.001    0.001    0.001    0.001    0.001    0.001    0.001    0.001 
   0.001    0.001    0.001    0.001    0.001    0.001    0.001    0.001    0.001    0.001    0.001    0.001    0.001    0.001    0.001    0.001    0.001    0.001    0.001    0.001    0.001 
   0.001    0.001    0.001    0.001    0.001    0.001    0.001    0.001    0.001    0.001    0.001    0.001    0.001    0.001    0.001    0.001    0.001    0.001    0.001    0.001    0.001 
   0.001    0.001    0.001    0.001    0.001    0.001    0.001    0.001    0.001    0.001    0.001    0.001    0.001    0.001    0.001    0.001    0.001    0.001    0.001    0.001    0.001 
   0.001    0.001    0.001    0.001    0.001    0.001    0.001    0.001    0.001    0.001    0.001    0.001    0.001    0.001    0.001    0.001    0.001    0.001    0.001    0.001    0.001 
   0.001    0.001    0.001    0.001    0.001    0.001    0.001    0.001    0.001    0.001    0.001    0.001    0.001    0.001    0.001    0.001    0.001    0.001    0.001    0.001    0.001 
   0.001    0.001    0.001    0.001    0.001    0.001    0.001    0.001    0.001    0.001    0.001    0.001    0.001    0.001    0.001    0.001    0.001    0.001    0.001    0.001    0.001 
   0.001    0.001    0.001    0.001    0.001    0.001    0.001    0.001    0.001    0.001    0.001    0.001    0.001    0.001    0.001    0.001    0.001    0.001    0.001    0.001    0.001 
   0.001    0.001    0.001    0.001    0.001    0.001    0.001    0.001    0.001    0.001    0.001    0.001    0.001    0.001    0.001    0.001    0.001    0.001    0.001    0.001    0.001 
   0.001    0.001    0.001    0.001    0.001    0.001    0.001    0.001    0.001    0.001    0.001    0.001    0.001    0.001    0.001    0.001    0.001    0.001    0.001    0.001    0.001 
   0.001    0.001    0.001    0.001    0.001    0.001    0.001    0.001    0.001    0.001    0.001    0.001    0.001    0.001    0.001    0.001    0.001    0.001    0.001    0.001    0.001 
   0.001    0.001    0.001    0.001    0.001    0.001    0.001    0.001    0.001    0.001    0.001    0.001    0.001    0.001    0.001    0.001    0.001    0.001    0.001    0.001    0.001 
   0.001    0.001    0.001    0.001    0.001    0.001    0.001    0.001    0.001    0.001    0.001    0.001    0.001    0.001    0.001    0.001    0.001    0.001    0.001    0.001    0.001 
   0.001    0.001    0.001    0.001    0.001    0.001    0.001    0.001    0.001    0.001    0.001    0.001    0.001    0.001    0.001    0.001    0.001    0.001    0.001    0.001    0.001 
   0.001    0.001    0.001    0.001    0.001    0.001    0.001    0.001    0.001    0.001    0.001    0.001    0.001    0.001    0.001    0.001    0.001    0.001    0.001    0.001    0.001 
   0.001    0.001    0.001    0.001    0.001    0.001    0.001    0.001    0.001    0.001    0.001    0.001    0.001    0.001    0.001    0.001    0.001    0.001    0.001    0.001    0.001 
   0.001    0.001    0.001    0.001    0.001    0.001    0.001    0.001    0.001    0.001    0.001    0.001    0.001    0.001    0.001    0.001    0.001    0.001    0.001    0.001    0.001 
   0.001    0.001    0.001    0.001    0.001    0.001    0.001    0.001    0.001    0.001    0.001    0.001    0.001    0.001    0.001    0.001    0.001    0.001    0.001    0.001    0.001 
   0.001    0.001    0.001    0.001    0.001    0.001    0.001    0.001    0.001    0.001    0.001    0.001    0.001    0.001    0.001    0.001    0.001    0.001    0.001    0.001    0.001 
   0.001    0.001    0.001    0.001    0.001    0.001    0.001    0.001    0.001    0.001    0.001    0.001    0.001    0.001    0.001    0.001    0.001    0.001    0.001    0.001    0.001 
   0.001    0.001    0.001    0.001    0.001    0.001    0.001    0.001    0.001    0.001    0.001    0.001    0.001    0.001    0.001    0.001    0.001    0.001    0.001    0.001    0.001 
   0.001    0.001    0.001    0.001    0.001    0.001    0.001    0.001    0.001    0.001    0.001    0.001    0.001    0.001    0.001    0.001    0.001    0.001    0.001    0.001    0.001 
   0.001    0.001    0.001    0.001    0.001    0.001    0.001    0.001    0.001    0.001    0.001    0.001    0.001    0.001    0.001    0.001    0.001    0.001    0.001    0.001    0.001 
   3.410    3.410    3.410    3.410    3.410    3.410    3.410    3.410    3.410    3.410    3.410    3.410    3.410    3.410    3.410    3.410    3.410    3.410    3.410    3.410    3.410 
   3.410    3.410    3.410    3.410    3.410    3.383    3.397    3.410    3.410    3.410    3.410    3.389    3.383    3.410    3.402    3.400    3.410    3.410    3.410    3.410    3.410 
   3.410    3.410    3.410    3.410    3.410    3.053    3.236    3.410    3.410    3.410    3.410    3.140    3.064    3.410    3.308    3.276    3.410    3.410    3.410    3.410    3.410 
   3.410    3.410    3.410    3.400    3.162    2.975    3.213    3.410    3.410    3.410    3.307    3.060    2.965    3.277    3.277    3.314    3.055    2.991    3.190    3.410    3.410 
   3.410    3.410    3.410    3.287    3.059    3.076    3.136    3.395    3.410    3.410    3.196    2.936    2.824    3.210    3.277    3.254    2.867    2.873    3.204    3.410    3.410 
   3.410    3.410    3.354    3.476    2.946    2.958    2.851    3.129    3.213    3.463    2.946    2.707    2.755    3.053    2.959    2.984    3.041    3.045    3.266    3.410    3.410 
   3.410    3.410    3.350    3.278    2.946    2.839    2.873    2.779    3.284    3.423    2.816    2.884    2.750    2.889    2.820    2.853    3.023    3.003    3.056    3.210    3.410 
   3.410    3.410    2.814    3.044    3.154    3.019    2.921    3.031    3.210    3.188    3.104    3.016    3.039    3.010    2.987    3.046    3.224    3.094    2.950    2.969    3.410 
   3.410    2.712    2.780    2.918    3.243    3.084    2.863    3.060    3.210    3.306    3.210    3.054    3.151    2.798    3.128    3.199    3.136    3.142    3.131    3.210    3.410 
   3.410    2.721    2.730    3.210    3.410    3.210    2.908    3.062    3.410    3.410    3.410    3.210    2.931    2.810    3.318    3.410    3.332    3.168    3.166    3.218    3.410 
   3.410    3.410    3.410    3.410    3.410    3.410    3.410    3.410    3.410    3.410    3.410    3.410    3.410    3.410    3.410    3.410    3.410    3.410    3.410    3.410    3.410 
   3.410    3.410    3.410    3.410    3.410    3.410    3.410    3.410    3.410    3.410    3.410    3.410    3.410    3.410    3.410    3.410    3.410    3.410    3.410    3.410    3.410 
   3.584    3.584    3.584    3.584    3.584    3.584    3.584    3.584    3.584    3.584    3.584    3.584    3.584    3.584    3.584    3.584    3.584    3.584    3.584    3.584    3.584 
   3.584    3.584    3.584    3.584    3.584    3.560    3.571    3.584    3.584    3.584    3.577    3.566    3.560    3.584    3.575    3.579    3.584    3.584    3.584    3.584    3.584 
   3.584    3.584    3.584    3.584    3.584    3.270    3.417    3.584    3.584    3.584    3.494    3.354    3.272    3.584    3.462    3.522    3.584    3.584    3.584    3.584    3.584 
   3.584    3.584    3.584    3.601    3.280    3.139    3.413    3.538    3.584    3.613    3.358    3.340    3.215    3.369    3.394    3.359    3.280    3.224    3.385    3.584    3.584 
   3.584    3.584    3.584    3.549    3.437    3.292    3.500    3.581    3.593    3.497    3.231    3.512    3.133    3.293    3.291    3.211    3.080    3.035    3.294    3.584    3.584 
   3.584    3.584    3.642    4.151    3.322    3.764    3.048    3.298    3.446    3.518    3.158    3.006    3.225    3.382    3.311    3.304    3.133    3.138    3.440    3.584    3.584 
   3.584    3.584    3.492    3.537    3.712    3.151    3.225    2.919    3.398    3.468    3.134    2.999    3.116    3.184    3.024    3.308    3.270    3.235    3.307    3.467    3.584 
   3.584    3.523    2.947    3.262    3.478    3.243    3.269    3.340    3.231    3.469    3.286    3.241    3.280    3.107    3.226    3.212    3.385    3.295    3.068    3.163    3.584 
   3.584    2.889    2.800    3.041    3.567    3.308    3.248    3.359    3.560    3.490    3.342    3.222    3.213    3.091    3.178    3.390    3.413    3.346    3.302    3.384    3.584 
   3.584    3.584    2.984    3.093    3.552    3.470    3.155    3.282    3.363    3.584    3.465    3.236    3.169    2.991    3.289    3.384    3.398    3.424    3.434    3.441    3.584 
   3.584    3.584    3.584    3.584    3.584    3.584    3.584    3.584    3.584    3.584    3.584    3.584    3.584    3.584    3.584    3.584    3.584    3.584    3.584    3.584    3.584 
   3.584    3.584    3.584    3.584    3.584    3.584    3.584    3.584    3.584    3.584    3.584    3.584    3.584    3.584    3.584    3.584    3.584    3.584    3.584    3.584    3.584 
   3.757    3.757    3.757    3.757    3.757    3.757    3.757    3.757    3.757    3.757    3.757    3.757    3.757    3.757    3.757    3.757    3.757    3.757    3.757    3.757    3.757 
   3.757    3.757    3.757    3.757    3.757    3.757    3.740    3.757    3.757    3.753    3.737    3.757    3.745    3.757    3.755    3.757    3.757    3.757    3.757    3.757    3.757 
   3.757    3.757    3.757    3.757    3.757    3.757    3.539    3.757    3.757    3.710    3.492    3.757    3.604    3.757    3.732    3.757    3.757    3.757    3.757    3.757    3.757 
   3.757    3.757    3.757    3.712    3.398    3.450    3.779    3.652    3.696    3.582    3.463    3.540    3.420    3.581    3.620    3.615    3.557    3.516    3.591    3.757    3.757 
   3.757    3.757    3.679    3.803    3.483    3.383    3.829    3.690    3.714    3.661    3.460    3.455    3.378    3.689    3.577    3.464    3.326    3.316    3.493    3.757    3.757 
   3.757    3.757    4.201    4.301    3.724    4.077    3.644    3.594    3.696    3.501    3.398    3.422    3.578    3.758    3.548    3.477    3.349    3.412    3.650    3.757    3.757 
   3.757    3.757    3.593    3.903    4.082    3.906    4.054    3.306    3.585    3.409    3.467    3.159    3.451    3.437    3.511    3.864    3.799    3.505    3.632    3.761    3.757 
   3.757    3.757    2.946    3.508    3.946    3.747    3.692    3.807    3.639    3.766    3.610    3.515    3.396    3.408    3.521    3.570    3.590    3.467    3.429    3.578    3.757 
   3.757    3.543    2.896    3.371    3.989    3.674    3.469    3.709    3.568    3.778    3.653    3.552    3.315    3.179    3.384    3.502    3.601    3.557    3.615    3.627    3.757 
   3.757    3.757    3.223    3.400    3.757    3.681    3.461    3.757    3.586    3.757    3.699    3.429    3.370    3.211    3.549    3.598    3.675    3.725    3.683    3.609    3.757 
   3.757    3.757    3.757    3.757    3.757    3.757    3.757    3.757    3.757    3.757    3.757    3.757    3.757    3.757    3.757    3.757    3.757    3.757    3.757    3.757    3.757 
   3.757    3.757    3.757    3.757    3.757    3.757    3.757    3.757    3.757    3.757    3.757    3.757    3.757    3.757    3.757    3.757    3.757    3.757    3.757    3.757    3.757 
   3.945    3.945    3.945    3.945    3.945    3.945    3.945    3.945    3.945    3.945    3.945    3.945    3.945    3.945    3.945    3.945    3.945    3.945    3.945    3.945    3.945 
   3.945    3.945    3.945    3.945    3.945    3.945    3.945    3.945    3.945    3.937    3.934    3.945    3.945    3.945    3.948    3.945    3.945    3.945    3.945    3.945    3.945 
   3.945    3.945    3.945    3.945    3.945    3.945    3.945    3.945    3.945    3.839    3.806    3.945    3.945    3.945    3.979    3.945    3.945    3.945    3.945    3.945    3.945 
   3.945    3.945    3.945    3.803    3.628    3.707    4.112    3.787    3.845    3.680    3.790    3.697    3.667    3.859    3.885    4.069    3.827    3.876    3.903    3.945    3.945 
   3.945    3.945    3.734    3.685    3.505    3.563    4.011    3.744    3.914    3.685    3.866    3.550    3.561    3.722    3.873    3.944    3.708    3.728    3.823    3.945    3.945 
   3.945    3.945    4.148    4.182    4.042    4.270    3.970    3.738    3.789    3.658    3.811    3.753    4.325    3.768    3.749    3.769    3.702    3.722    3.855    3.945    3.945 
   3.945    3.945    3.844    4.049    4.975    4.510    3.774    3.936    3.633    3.688    3.840    3.793    3.974    3.364    3.856    4.025    3.893    3.774    3.893    3.957    3.945 
   3.945    3.945    3.283    3.803    4.344    4.347    3.987    4.163    3.916    3.808    3.936    3.917    3.768    3.793    4.005    3.664    3.884    3.819    3.694    3.797    3.945 
   3.945    3.945    3.149    3.533    4.301    3.961    3.819    3.913    3.873    3.847    3.874    3.860    3.544    3.517    3.826    3.894    3.942    3.908    3.841    3.846    3.945 
   3.945    3.945    3.512    3.854    3.945    3.963    3.945    3.945    3.671    3.945    3.754    3.696    3.517    3.495    3.904    3.953    4.005    3.988    3.958    3.931    3.945 
   3.945    3.945    3.945    3.945    3.945    3.945    3.945    3.945    3.945    3.945    3.945    3.945    3.945    3.945    3.945    3.945    3.945    3.945    3.945    3.945    3.945 
   3.945    3.945    3.945    3.945    3.945    3.945    3.945    3.945    3.945    3.945    3.945    3.945    3.945    3.945    3.945    3.945    3.945    3.945    3.945    3.945    3.945 
   4.350    4.350    4.350    4.350    4.350    4.350    4.350    4.350    4.350    4.350    4.350    4.350    4.350    4.350    4.350    4.350    4.350    4.350    4.350    4.350    4.350 
   4.350    4.350    4.350    4.350    4.350    4.350    4.350    4.350    4.338    4.350    4.350    4.350    4.350    4.350    4.350    4.350    4.350    4.350    4.350    4.350    4.350 
   4.350    4.350    4.350    4.350    4.350    4.350    4.350    4.350    4.199    4.350    4.350    4.350    4.350    4.350    4.350    4.350    4.350    4.350    4.350    4.350    4.350 
   4.350    4.350    4.350    4.029    4.202    4.259    4.306    4.266    3.886    3.989    4.189    4.164    4.215    4.350    4.259    4.216    4.208    4.377    4.410    4.350    4.350 
   4.350    4.350    4.251    4.197    4.183    4.091    4.138    4.125    3.864    3.829    4.067    4.043    4.093    4.067    4.319    4.339    4.279    4.371    4.424    4.350    4.350 
   4.350    4.350    4.683    4.641    4.286    4.431    4.077    4.030    4.114    3.956    4.159    4.248    4.457    3.855    4.150    4.345    4.210    4.288    4.402    4.350    4.350 
   4.350    4.350    4.445    4.502    5.200    4.862    4.215    4.395    3.826    3.752    3.776    4.145    4.669    4.227    4.289    4.209    4.436    4.297    4.366    4.429    4.350 
   4.350    4.350    3.789    4.114    5.200    4.910    4.456    4.342    4.088    3.992    4.118    4.560    4.303    4.118    4.694    4.284    4.205    4.354    4.356    4.480    4.350 
   4.350    4.350    3.802    4.289    5.200    4.716    4.539    4.365    4.152    4.172    4.184    4.402    4.163    4.131    4.545    4.483    4.342    4.366    4.498    4.459    4.350 
   4.350    4.350    4.311    4.721    4.550    4.350    4.350    4.350    4.350    4.118    4.096    4.282    4.177    3.981    4.433    4.519    4.547    4.442    4.507    4.347    4.350 
   4.350    4.350    4.350    4.350    4.350    4.350    4.350    4.350    4.350    4.350    4.350    4.350    4.350    4.350    4.350    4.350    4.350    4.350    4.350    4.350    4.350 
   4.350    4.350    4.350    4.350    4.350    4.350    4.350    4.350    4.350    4.350    4.350    4.350    4.350    4.350    4.350    4.350    4.350    4.350    4.350    4.350    4.350 
   4.509    4.509    4.509    4.509    4.509    4.509    4.509    4.509    4.509    4.509    4.509    4.509    4.509    4.509    4.509    4.509    4.509    4.509    4.509    4.509    4.509 
   4.509    4.509    4.509    4.509    4.509    4.509    4.509    4.509    4.509    4.509    4.509    4.509    4.509    4.509    4.509    4.509    4.509    4.509    4.509    4.509    4.509 
   4.509    4.509    4.509    4.509    4.509    4.509    4.509    4.509    4.509    4.509    4.509    4.509    4.509    4.509    4.509    4.509    4.509    4.509    4.509    4.509    4.509 
   4.509    4.509    4.403    4.296    4.432    4.606    4.576    4.262    4.123    4.158    4.376    4.398    4.344    4.509    4.434    4.342    4.443    4.557    4.509    4.509    4.509 
   4.509    4.509    4.265    4.472    4.879    4.580    4.276    4.046    3.943    3.897    4.018    4.218    4.397    4.741    4.588    4.357    4.608    4.887    4.817    4.509    4.509 
   4.509    4.509    4.627    4.961    4.679    4.437    4.248    4.413    4.269    3.978    3.935    4.531    4.677    4.714    4.669    4.579    4.429    4.488    4.606    4.496    4.509 
   4.509    4.509    4.602    4.742    5.137    4.887    4.634    4.365    4.265    4.030    4.206    4.915    4.645    4.753    4.500    4.474    4.695    4.466    4.522    4.437    4.509 
   4.509    4.509    4.139    4.511    5.200    5.200    5.128    4.637    4.446    4.229    4.053    4.471    4.391    4.480    4.362    4.549    4.475    4.554    4.510    4.426    4.509 
   4.509    4.509    4.390    4.749    5.200    5.186    4.989    4.556    4.329    4.290    4.251    4.268    4.211    4.577    4.531    4.620    4.384    4.564    4.695    4.437    4.509 
   4.509    4.509    4.509    4.509    4.709    4.509    4.509    4.509    4.414    4.344    4.509    4.509    4.309    4.472    4.784    4.746    4.717    4.691    4.670    4.471    4.509 
   4.509    4.509    4.509    4.509    4.509    4.509    4.509    4.509    4.509    4.509    4.509    4.509    4.509    4.509    4.509    4.509    4.509    4.509    4.509    4.509    4.509 
   4.509    4.509    4.509    4.509    4.509    4.509    4.509    4.509    4.509    4.509    4.509    4.509    4.509    4.509    4.509    4.509    4.509    4.509    4.509    4.509    4.509 
   4.528    4.528    4.528    4.528    4.528    4.528    4.528    4.528    4.528    4.528    4.528    4.528    4.528    4.528    4.528    4.528    4.528    4.528    4.528    4.528    4.528 
   4.528    4.528    4.528    4.528    4.528    4.528    4.528    4.528    4.528    4.528    4.528    4.528    4.528    4.528    4.528    4.528    4.528    4.528    4.528    4.528    4.528 
   4.528    4.528    4.528    4.528    4.528    4.528    4.528    4.528    4.528    4.528    4.528    4.528    4.528    4.528    4.528    4.528    4.528    4.528    4.528    4.528    4.528 
   4.528    4.528    4.457    4.321    4.433    4.556    4.526    4.328    4.226    4.294    4.439    4.454    4.418    4.528    4.478    4.417    4.484    4.560    4.528    4.528    4.528 
   4.528    4.528    4.289    4.417    4.788    4.536    4.256    4.109    4.057    4.037    4.112    4.299    4.478    4.684    4.573    4.404    4.651    4.919    4.830    4.528    4.528 
   4.528    4.528    4.530    4.814    4.771    4.493    4.314    4.368    4.265    4.107    4.036    4.528    4.638    4.666    4.690    4.532    4.509    4.576    4.639    4.519    4.528 
   4.528    4.528    4.700    4.797    5.107    4.970    4.717    4.377    4.246    4.076    4.281    4.836    4.580    4.643    4.549    4.572    4.721    4.506    4.616    4.540    4.528 
   4.528    4.528    4.316    4.647    5.130    5.193    5.152    4.679    4.460    4.332    4.243    4.482    4.404    4.444    4.474    4.543    4.622    4.729    4.614    4.495    4.528 
   4.528    4.528    4.449    4.755    5.118    5.191    5.026    4.599    4.408    4.382    4.356    4.372    4.252    4.608    4.552    4.598    4.457    4.665    4.710    4.474    4.528 
   4.528    4.528    4.528    4.528    4.661    4.528    4.528    4.528    4.465    4.418    4.528    4.528    4.395    4.503    4.760    4.700    4.667    4.652    4.636    4.492    4.528 
   4.528    4.528    4.528    4.528    4.528    4.528    4.528    4.528    4.528    4.528    4.528    4.528    4.528    4.528    4.528    4.528    4.528    4.528    4.528    4.528    4.528 
   4.528    4.528    4.528    4.528    4.528    4.528    4.528    4.528    4.528    4.528    4.528    4.528    4.528    4.528    4.528    4.528    4.528    4.528    4.528    4.528    4.528 
   4.566    4.566    4.566    4.566    4.566    4.566    4.566    4.566    4.566    4.566    4.566    4.566    4.566    4.566    4.566    4.566    4.566    4.566    4.566    4.566    4.566 
   4.566    4.566    4.566    4.566    4.566    4.566    4.566    4.566    4.566    4.566    4.566    4.566    4.566    4.566    4.566    4.566    4.566    4.566    4.566    4.566    4.566 
   4.566    4.566    4.566    4.566    4.566    4.566    4.566    4.566    4.566    4.566    4.566    4.566    4.566    4.566    4.566    4.566    4.566    4.566    4.566    4.566    4.566 
   4.566    4.566    4.566    4.371    4.434    4.456    4.428    4.458    4.433    4.566    4.566    4.566    4.566    4.566    4.566    4.566    4.566    4.566    4.566    4.566    4.566 
   4.566    4.566    4.337    4.308    4.607    4.447    4.214    4.237    4.284    4.318    4.299    4.459    4.639    4.571    4.542    4.497    4.738    4.983    4.857    4.566    4.566 
   4.566    4.566    4.336    4.519    4.956    4.606    4.447    4.279    4.258    4.364    4.238    4.523    4.559    4.571    4.731    4.437    4.669    4.753    4.705    4.566    4.566 
   4.566    4.566    4.895    4.907    5.048    5.135    4.883    4.400    4.208    4.167    4.431    4.677    4.451    4.424    4.647    4.768    4.771    4.587    4.803    4.745    4.566 
   4.566    4.566    4.669    4.918    4.991    5.178    5.200    4.764    4.487    4.539    4.623    4.504    4.429    4.372    4.698    4.533    4.915    5.080    4.822    4.633    4.566 
   4.566    4.566    4.566    4.766    4.955    5.200    5.099    4.685    4.566    4.566    4.566    4.580    4.334    4.671    4.593    4.555    4.604    4.866    4.739    4.549    4.566 
   4.566    4.566    4.566    4.566    4.566    4.566    4.566    4.566    4.566    4.566    4.566    4.566    4.566    4.566    4.712    4.608    4.568    4.576    4.567    4.533    4.566 
   4.566    4.566    4.566    4.566    4.566    4.566    4.566    4.566    4.566    4.566    4.566    4.566    4.566    4.566    4.566    4.566    4.566    4.566    4.566    4.566    4.566 
   4.566    4.566    4.566    4.566    4.566    4.566    4.566    4.566    4.566    4.566    4.566    4.566    4.566    4.566    4.566    4.566    4.566    4.566    4.566    4.566    4.566 
   4.566    4.566    4.566    4.566    4.566    4.566    4.566    4.566    4.566    4.566    4.566    4.566    4.566    4.566    4.566    4.566    4.566    4.566    4.566    4.566    4.566 
   4.566    4.566    4.566    4.566    4.566    4.566    4.566    4.566    4.566    4.566    4.566    4.566    4.566    4.566    4.566    4.566    4.566    4.566    4.566    4.566    4.566 
   4.566    4.566    4.566    4.566    4.566    4.566    4.566    4.566    4.566    4.566    4.566    4.566    4.566    4.566    4.566    4.566    4.566    4.566    4.566    4.566    4.566 
   4.566    4.566    4.566    4.566    4.566    4.566    4.566    4.566    4.566    4.566    4.566    4.566    4.566    4.566    4.566    4.566    4.566    4.566    4.566    4.566    4.566 
   4.566    4.566    4.566    4.566    4.566    4.566    4.566    4.566    4.566    4.566    4.566    4.566    4.566    4.566    4.566    4.566    4.566    4.566    4.566    4.566    4.566 
   4.566    4.566    4.566    4.566    4.566    4.566    4.566    4.566    4.566    4.566    4.566    4.566    4.566    4.566    4.566    4.566    4.566    4.566    4.566    4.566    4.566 
   4.566    4.566    4.566    4.566    4.566    4.566    4.566    4.566    4.566    4.566    4.566    4.566    4.566    4.566    4.566    4.566    4.589    4.615    4.566    4.566    4.566 
   4.566    4.566    4.566    4.566    4.566    4.566    4.566    4.566    4.566    4.566    4.566    4.566    4.566    4.566    4.566    4.566    4.566    4.590    4.626    4.566    4.566 
   4.566    4.566    4.566    4.566    4.566    4.566    4.566    4.566    4.566    4.566    4.566    4.566    4.566    4.566    4.566    4.566    4.566    4.591    4.628    4.566    4.566 
   4.566    4.566    4.566    4.566    4.566    4.566    4.566    4.566    4.566    4.566    4.566    4.566    4.566    4.566    4.566    4.566    4.566    4.566    4.566    4.566    4.566 
   4.566    4.566    4.566    4.566    4.566    4.566    4.566    4.566    4.566    4.566    4.566    4.566    4.566    4.566    4.566    4.566    4.566    4.566    4.566    4.566    4.566 
   4.566    4.566    4.566    4.566    4.566    4.566    4.566    4.566    4.566    4.566    4.566    4.566    4.566    4.566    4.566    4.566    4.566    4.566    4.566    4.566    4.566 
   4.566    4.566    4.566    4.566    4.566    4.566    4.566    4.566    4.566    4.566    4.566    4.566    4.566    4.566    4.566    4.566    4.566    4.566    4.566    4.566    4.566 
   4.566    4.566    4.566    4.566    4.566    4.566    4.566    4.566    4.566    4.566    4.566    4.566    4.566    4.566    4.566    4.566    4.566    4.566    4.566    4.566    4.566 
   4.566    4.566    4.566    4.566    4.566    4.566    4.566    4.566    4.566    4.566    4.566    4.566    4.566    4.566    4.566    4.566    4.566    4.566    4.566    4.566    4.566 
   4.566    4.566    4.566    4.566    4.566    4.566    4.566    4.566    4.566    4.566    4.566    4.566    4.566    4.566    4.566    4.566    4.566    4.566    4.566    4.566    4.566 
   4.566    4.566    4.566    4.566    4.566    4.566    4.566    4.566    4.566    4.566    4.566    4.566    4.566    4.566    4.566    4.566    4.566    4.566    4.566    4.566    4.566 
   4.566    4.566    4.566    4.566    4.566    4.566    4.566    4.566    4.566    4.566    4.566    4.566    4.566    4.566    4.566    4.566    4.566    4.566    4.566    4.566    4.566 
   4.566    4.566    4.566    4.566    4.566    4.566    4.566    4.566    4.566    4.566    4.566    4.566    4.566    4.566    4.566    4.566    4.566    4.566    4.566    4.566    4.566 
   4.566    4.566    4.566    4.566    4.566    4.566    4.566    4.566    4.566    4.566    4.566    4.566    4.566    4.566    4.566    4.566    4.566    4.566    4.566    4.566    4.566 
   4.566    4.566    4.566    4.566    4.566    4.566    4.566    4.566    4.566    4.566    4.566    4.566    4.566    4.566    4.566    4.566    4.566    4.566    4.566    4.566    4.566 
   4.566    4.566    4.566    4.566    4.566    4.566    4.566    4.566    4.566    4.566    4.566    4.566    4.566    4.566    4.566    4.566    4.566    4.566    4.566    4.566    4.566 
   4.566    4.566    4.566    4.566    4.566    4.566    4.566    4.566    4.566    4.566    4.566    4.566    4.566    4.566    4.566    4.566    4.566    4.566    4.566    4.566    4.566 
   4.566    4.566    4.566    4.566    4.566    4.566    4.566    4.566    4.566    4.566    4.566    4.566    4.566    4.566    4.566    4.566    4.566    4.566    4.566    4.566    4.566 