19.000  10.000   
-40.000   0.000   150.000    0.000 
-40.000   5.000   150.000    0.000 
-40.000   6.000   150.000    0.000 
-40.000   7.000   150.000    0.000 
-40.000   8.000   150.000    0.000 
-40.000   9.000   150.000    0.000 
-40.000  10.000   150.000    0.000 
-40.000  11.000   150.000    0.000 
-40.000  13.000   150.000    0.000 
-40.000  25.000   150.000    0.000 
-40.000   0.000   150.000    0.000 
-40.000   5.000   150.000    0.000 
-40.000   6.000   150.000    0.000 
-40.000   7.000   150.000    0.000 
-40.000   8.000   150.000    0.000 
-40.000   9.000   150.000    0.000 
-40.000  10.000   150.000    0.000 
-40.000  11.000   150.000    0.000 
-40.000  13.000   150.000    0.000 
-40.000  25.000   150.000    0.000 
-40.000   0.000   150.000    0.000 
-40.000   5.000   150.000    0.000 
-40.000   6.000   150.000    0.000 
-40.000   7.000   150.000    0.000 
-40.000   8.000   150.000    0.000 
-40.000   9.000   150.000    0.000 
-40.000  10.000   150.000    0.000 
-40.000  11.000   150.000    0.000 
-40.000  13.000   150.000    0.000 
-40.000  25.000   150.000    0.000 
-40.000   0.000   150.000    0.000 
-40.000   5.000   150.000    0.000 
-40.000   6.000   150.000    0.000 
-40.000   7.000   150.000    0.000 
-40.000   8.000   150.000    0.000 
-40.000   9.000   150.000    0.000 
-40.000  10.000   150.000    0.000 
-40.000  11.000   150.000    0.000 
-40.000  13.000   150.000    0.000 
-40.000  25.000   150.000    0.000 
-40.000   0.000   150.000    0.000 
-40.000   5.000   150.000    0.000 
-40.000   6.000   150.000    0.000 
-40.000   7.000   150.000    0.000 
-40.000   8.000   150.000    0.000 
-40.000   9.000   150.000    0.000 
-40.000  10.000   150.000    0.000 
-40.000  11.000   150.000    0.000 
-40.000  13.000   150.000    0.000 
-40.000  25.000   150.000    0.000 
-40.000   0.000   150.000    0.000 
-40.000   5.000   150.000    0.000 
-40.000   6.000   150.000    0.000 
-40.000   7.000   150.000    0.000 
-40.000   8.000   150.000    0.000 
-40.000   9.000   150.000    0.000 
-40.000  10.000   150.000    0.000 
-40.000  11.000   150.000    0.000 
-40.000  13.000   150.000    0.000 
-40.000  25.000   150.000    0.000 
-40.000   0.000   150.000    0.000 
-40.000   5.000   150.000    0.000 
-40.000   6.000   150.000    0.000 
-40.000   7.000   150.000    0.000 
-40.000   8.000   150.000    0.000 
-40.000   9.000   150.000    0.000 
-40.000  10.000   150.000    0.000 
-40.000  11.000   150.000    0.000 
-40.000  13.000   150.000    0.000 
-40.000  25.000   150.000    0.000 
-40.000   0.000   150.000    0.000 
-40.000   5.000   150.000    0.000 
-40.000   6.000   150.000    0.000 
-40.000   7.000   150.000    0.000 
-40.000   8.000   150.000    0.000 
-40.000   9.000   150.000    0.000 
-40.000  10.000   150.000    0.000 
-40.000  11.000   150.000    0.000 
-40.000  13.000   150.000    0.000 
-40.000  25.000   150.000    0.000 
-40.000   0.000   150.000    0.000 
-40.000   5.000   150.000    0.000 
-40.000   6.000   150.000    0.000 
-40.000   7.000   150.000    0.000 
-40.000   8.000   150.000    0.000 
-40.000   9.000   150.000    0.000 
-40.000  10.000   150.000    0.000 
-40.000  11.000   150.000    0.000 
-40.000  13.000   150.000    0.000 
-40.000  25.000   150.000    0.000 
-40.000   0.000   150.000    0.000 
-40.000   5.000   150.000    0.000 
-40.000   6.000   150.000    0.000 
-40.000   7.000   148.900    0.260 
-40.000   8.000   150.800    0.940 
-40.000   9.000   152.100    0.200 
-40.000  10.000   150.000    0.000 
-40.000  11.000   150.000    0.000 
-40.000  13.000   150.000    0.000 
-40.000  25.000   150.000    0.000 
-35.000   0.000   150.000    0.000 
-35.000   5.000   150.000    0.000 
-35.000   6.000   137.400    2.270 
-35.000   7.000   141.400    3.480 
-35.000   8.000   143.400    1.110 
-35.000   9.000   150.000    0.000 
-35.000  10.000   150.000    0.000 
-35.000  11.000   150.000    0.000 
-35.000  13.000   150.000    0.000 
-35.000  25.000   150.000    0.000 
-35.000   0.000   150.000    0.000 
-35.000   5.000   68.100   227.190 
-35.000   6.000   106.100   16.260 
-35.000   7.000   118.500    0.520 
-35.000   8.000   150.000    0.000 
-35.000   9.000   150.000    0.000 
-35.000  10.000   150.000    0.000 
-35.000  11.000   150.000    0.000 
-35.000  13.000   150.000    0.000 
-35.000  25.000   150.000    0.000 
-35.000   0.000   150.000   45.580 
-35.000   5.000   52.700   348.320 
-35.000   6.000   104.400    4.130 
-35.000   7.000   150.000    0.000 
-35.000   8.000   150.000    0.000 
-35.000   9.000   150.000    0.000 
-35.000  10.000   150.000    0.000 
-35.000  11.000   150.000    0.000 
-35.000  13.000   150.000    0.000 
-35.000  25.000   150.000    0.000 
-35.000   0.000   150.000    0.000 
-35.000   5.000   150.000    0.130 
-35.000   6.000   135.100    0.320 
-35.000   7.000   142.900    0.240 
-35.000   8.000   150.000    0.000 
-35.000   9.000   150.000    0.000 
-35.000  10.000   150.000    0.000 
-35.000  11.000   150.000    0.000 
-35.000  13.000   150.000    0.000 
-35.000  25.000   150.000    0.000 
-35.000   0.000   150.000    0.000 
-35.000   5.000   150.000    0.000 
-35.000   6.000   150.000    0.000 
-35.000   7.000   150.000    0.000 
-35.000   8.000   150.000    0.000 
-35.000   9.000   150.000    0.000 
-35.000  10.000   150.000    0.000 
-35.000  11.000   150.000    0.000 
-35.000  13.000   150.000    0.000 
-35.000  25.000   150.000    0.000 
-35.000   0.000   150.000    0.000 
-35.000   5.000   150.000    0.000 
-35.000   6.000   150.000    0.000 
-35.000   7.000   150.000    0.000 
-35.000   8.000   150.000    0.140 
-35.000   9.000   287.000    1.390 
-35.000  10.000   150.000    0.130 
-35.000  11.000   150.000    0.000 
-35.000  13.000   150.000    0.000 
-35.000  25.000   150.000    0.000 
-35.000   0.000   150.000   13.840 
-35.000   5.000   2110.800   222.110 
-35.000   6.000   1401.100   122.880 
-35.000   7.000   868.100   95.170 
-35.000   8.000   358.800   31.260 
-35.000   9.000   240.800    0.710 
-35.000  10.000   150.000    0.000 
-35.000  11.000   150.000    0.000 
-35.000  13.000   150.000    0.000 
-35.000  25.000   150.000    0.000 
-35.000   0.000   150.000    9.480 
-35.000   5.000   770.000   140.880 
-35.000   6.000   199.000   17.820 
-35.000   7.000   150.000    0.000 
-35.000   8.000   150.000    0.000 
-35.000   9.000   150.000    0.000 
-35.000  10.000   150.000    0.000 
-35.000  11.000   150.000    0.000 
-35.000  13.000   150.000    0.000 
-35.000  25.000   150.000    0.000 
-35.000   0.000   150.000    0.000 
-35.000   5.000   150.000    0.000 
-35.000   6.000   150.000    0.000 
-35.000   7.000   150.000    0.000 
-35.000   8.000   150.000    0.000 
-35.000   9.000   150.000    0.000 
-35.000  10.000   150.000    0.000 
-35.000  11.000   150.000    0.000 
-35.000  13.000   150.000    0.000 
-35.000  25.000   150.000    0.000 
