19.000  10.000   
-40.000   0.000   150.000    0.000 
-40.000   5.000   150.000    0.000 
-40.000   6.000   150.000    0.000 
-40.000   7.000   150.000    0.000 
-40.000   8.000   150.000    0.000 
-40.000   9.000   150.000    0.000 
-40.000  10.000   150.000    0.000 
-40.000  11.000   150.000    0.000 
-40.000  13.000   150.000    0.000 
-40.000  25.000   150.000    0.000 
-40.000   0.000   150.000    0.000 
-40.000   5.000   146.700    1.420 
-40.000   6.000   148.600    5.900 
-40.000   7.000   150.000   16.230 
-40.000   8.000   152.100   23.690 
-40.000   9.000   154.100   12.480 
-40.000  10.000   153.200    2.280 
-40.000  11.000   152.000    1.480 
-40.000  13.000   150.700    1.870 
-40.000  25.000   150.000    0.000 
-40.000   0.000   150.000    0.000 
-40.000   5.000   140.700    4.190 
-40.000   6.000   144.600   17.260 
-40.000   7.000   147.400   43.730 
-40.000   8.000   152.900   73.010 
-40.000   9.000   160.800   91.080 
-40.000  10.000   162.300   65.550 
-40.000  11.000   156.100   31.300 
-40.000  13.000   151.700   13.550 
-40.000  25.000   150.000    0.110 
-40.000   0.000   150.000    0.000 
-40.000   5.000   138.600   22.890 
-40.000   6.000   132.700   137.960 
-40.000   7.000   129.700   292.350 
-40.000   8.000   136.900   313.350 
-40.000   9.000   157.000   258.830 
-40.000  10.000   176.900   242.480 
-40.000  11.000   173.100   164.850 
-40.000  13.000   156.300   29.860 
-40.000  25.000   150.000    0.100 
-40.000   0.000   150.000    0.280 
-40.000   5.000   133.600   224.020 
-40.000   6.000   133.100   120.320 
-40.000   7.000   126.500   322.650 
-40.000   8.000   129.000   545.450 
-40.000   9.000   150.700   708.450 
-40.000  10.000   187.300   450.420 
-40.000  11.000   204.800   358.370 
-40.000  13.000   161.500   49.110 
-40.000  25.000   153.300    0.240 
-40.000   0.000   150.000    0.240 
-40.000   5.000   139.400   337.030 
-40.000   6.000   141.200   448.490 
-40.000   7.000   143.800   921.780 
-40.000   8.000   151.600   632.460 
-40.000   9.000   164.300   597.290 
-40.000  10.000   202.100   582.420 
-40.000  11.000   195.600   274.640 
-40.000  13.000   160.100   32.610 
-40.000  25.000   153.300    0.460 
-40.000   0.000   150.000    0.160 
-40.000   5.000   146.100   29.130 
-40.000   6.000   145.100   361.100 
-40.000   7.000   147.900   1032.640 
-40.000   8.000   173.200   979.850 
-40.000   9.000   191.900   589.500 
-40.000  10.000   201.100   330.780 
-40.000  11.000   175.500   204.200 
-40.000  13.000   157.900   15.660 
-40.000  25.000   150.000    0.190 
-40.000   0.000   150.000    0.060 
-40.000   5.000   134.400   676.060 
-40.000   6.000   144.100   424.060 
-40.000   7.000   141.100   558.040 
-40.000   8.000   157.000   626.570 
-40.000   9.000   197.400   585.080 
-40.000  10.000   249.400   569.250 
-40.000  11.000   170.400   123.260 
-40.000  13.000   157.400   18.460 
-40.000  25.000   150.000    0.000 
-40.000   0.000   150.000   100.990 
-40.000   5.000   99.400   1520.840 
-40.000   6.000   108.700   738.630 
-40.000   7.000   117.200   608.580 
-40.000   8.000   151.500   721.520 
-40.000   9.000   210.500   613.450 
-40.000  10.000   251.500   522.350 
-40.000  11.000   184.200   178.980 
-40.000  13.000   160.400   24.500 
-40.000  25.000   150.000    0.000 
-40.000   0.000   150.000    1.980 
-40.000   5.000   130.200   103.290 
-40.000   6.000   110.000   643.730 
-40.000   7.000   95.100   1703.580 
-40.000   8.000   129.500   1732.560 
-40.000   9.000   162.900   581.720 
-40.000  10.000   268.000   514.710 
-40.000  11.000   207.000   251.490 
-40.000  13.000   164.800   25.240 
-40.000  25.000   150.000    0.000 
-35.000   0.000   150.000    1.300 
-35.000   5.000   121.300   104.440 
-35.000   6.000   106.500   459.150 
-35.000   7.000   100.200   950.160 
-35.000   8.000   119.500   1471.830 
-35.000   9.000   123.500   1744.090 
-35.000  10.000   263.200   1064.380 
-35.000  11.000   208.800   194.460 
-35.000  13.000   164.600   13.610 
-35.000  25.000   150.000    0.000 
-35.000   0.000   150.000    1.910 
-35.000   5.000   96.400   327.790 
-35.000   6.000   93.600   507.320 
-35.000   7.000   90.300   1179.120 
-35.000   8.000   127.100   1130.220 
-35.000   9.000   182.500   1685.660 
-35.000  10.000   246.100   1493.380 
-35.000  11.000   187.100   159.220 
-35.000  13.000   160.900   15.680 
-35.000  25.000   150.000    0.000 
-35.000   0.000   150.000    0.000 
-35.000   5.000   113.900   96.350 
-35.000   6.000   98.200   767.590 
-35.000   7.000   103.300   1442.690 
-35.000   8.000   156.400   1186.810 
-35.000   9.000   186.700   1570.820 
-35.000  10.000   209.100   945.070 
-35.000  11.000   186.700   248.990 
-35.000  13.000   159.800   20.900 
-35.000  25.000   150.000    0.060 
-35.000   0.000   150.000   131.640 
-35.000   5.000   121.900   1676.530 
-35.000   6.000   120.100   1542.800 
-35.000   7.000   139.000   1548.640 
-35.000   8.000   182.500   1015.820 
-35.000   9.000   187.900   421.460 
-35.000  10.000   196.400   257.070 
-35.000  11.000   192.400   268.750 
-35.000  13.000   163.300   22.120 
-35.000  25.000   150.000    0.000 
-35.000   0.000   150.000   215.720 
-35.000   5.000   135.500   1440.630 
-35.000   6.000   142.800   329.740 
-35.000   7.000   147.600   282.790 
-35.000   8.000   164.200   245.430 
-35.000   9.000   170.000   140.010 
-35.000  10.000   179.100   100.460 
-35.000  11.000   184.300   190.450 
-35.000  13.000   166.100   24.940 
-35.000  25.000   150.000    0.000 
-35.000   0.000   150.000    0.000 
-35.000   5.000   147.600    9.030 
-35.000   6.000   148.100   69.810 
-35.000   7.000   149.100   113.220 
-35.000   8.000   155.500   61.880 
-35.000   9.000   162.600   89.860 
-35.000  10.000   173.200   150.550 
-35.000  11.000   169.600   100.520 
-35.000  13.000   163.300   25.210 
-35.000  25.000   150.000    0.000 
-35.000   0.000   150.000    0.000 
-35.000   5.000   149.500    7.020 
-35.000   6.000   148.000   30.410 
-35.000   7.000   151.400   17.210 
-35.000   8.000   155.400   15.320 
-35.000   9.000   161.300   57.370 
-35.000  10.000   161.900   55.630 
-35.000  11.000   157.900   16.640 
-35.000  13.000   157.200    9.910 
-35.000  25.000   150.000    0.000 
-35.000   0.000   150.000    0.000 
-35.000   5.000   150.000    0.000 
-35.000   6.000   150.000    0.130 
-35.000   7.000   153.700    2.990 
-35.000   8.000   154.400   13.010 
-35.000   9.000   157.100   19.500 
-35.000  10.000   156.200   11.270 
-35.000  11.000   153.600    1.930 
-35.000  13.000   150.000    0.000 
-35.000  25.000   150.000    0.000 
-35.000   0.000   150.000    0.000 
-35.000   5.000   150.000    0.000 
-35.000   6.000   150.000    0.000 
-35.000   7.000   150.000    0.000 
-35.000   8.000   153.000    0.310 
-35.000   9.000   150.000    0.000 
-35.000  10.000   150.000    0.000 
-35.000  11.000   150.000    0.000 
-35.000  13.000   150.000    0.000 
-35.000  25.000   150.000    0.000 
