19.000  10.000   
-40.000   0.000   150.000    0.000 
-40.000   5.000   150.000    0.000 
-40.000   6.000   151.100    0.320 
-40.000   7.000   150.000    0.120 
-40.000   8.000   150.000    0.000 
-40.000   9.000   150.000    0.000 
-40.000  10.000   150.000    0.000 
-40.000  11.000   150.000    0.000 
-40.000  13.000   150.000    0.000 
-40.000  25.000   150.000    0.000 
-40.000   0.000   150.000    0.000 
-40.000   5.000   151.100    1.020 
-40.000   6.000   150.300    9.310 
-40.000   7.000   150.500   11.000 
-40.000   8.000   151.600    5.950 
-40.000   9.000   152.700    5.730 
-40.000  10.000   153.000    4.330 
-40.000  11.000   150.000    0.160 
-40.000  13.000   150.000    0.000 
-40.000  25.000   150.000    0.000 
-40.000   0.000   150.000    0.000 
-40.000   5.000   150.000    0.000 
-40.000   6.000   149.100    1.320 
-40.000   7.000   149.800    5.800 
-40.000   8.000   152.200    9.900 
-40.000   9.000   155.400   47.860 
-40.000  10.000   157.200   27.390 
-40.000  11.000   154.000    6.050 
-40.000  13.000   152.000    0.510 
-40.000  25.000   150.000    0.000 
-40.000   0.000   150.000    0.000 
-40.000   5.000   146.000    1.050 
-40.000   6.000   146.400    1.090 
-40.000   7.000   147.000    5.010 
-40.000   8.000   150.500   11.400 
-40.000   9.000   163.000   214.030 
-40.000  10.000   181.700   147.820 
-40.000  11.000   163.100   24.950 
-40.000  13.000   153.700    8.990 
-40.000  25.000   151.600    0.870 
-40.000   0.000   150.000    0.000 
-40.000   5.000   147.400    6.580 
-40.000   6.000   148.300    8.050 
-40.000   7.000   150.300   32.210 
-40.000   8.000   153.200   69.860 
-40.000   9.000   167.200   202.880 
-40.000  10.000   202.500   182.850 
-40.000  11.000   182.000   105.510 
-40.000  13.000   157.100   18.450 
-40.000  25.000   152.200    0.730 
-40.000   0.000   150.000    0.000 
-40.000   5.000   151.400    3.710 
-40.000   6.000   154.200   57.430 
-40.000   7.000   158.300   108.430 
-40.000   8.000   156.700   49.990 
-40.000   9.000   160.700   68.070 
-40.000  10.000   189.300   203.350 
-40.000  11.000   185.600   176.110 
-40.000  13.000   159.400   34.780 
-40.000  25.000   152.600    0.390 
-40.000   0.000   150.000    0.000 
-40.000   5.000   152.500    2.610 
-40.000   6.000   153.800   33.840 
-40.000   7.000   155.600   55.660 
-40.000   8.000   156.800   43.030 
-40.000   9.000   163.100   68.680 
-40.000  10.000   178.700   176.460 
-40.000  11.000   172.900   159.100 
-40.000  13.000   159.200   44.630 
-40.000  25.000   153.200    0.630 
-40.000   0.000   150.000    0.000 
-40.000   5.000   147.400    0.680 
-40.000   6.000   149.900    6.420 
-40.000   7.000   151.900   30.470 
-40.000   8.000   153.100   60.520 
-40.000   9.000   162.600   106.380 
-40.000  10.000   176.200   167.180 
-40.000  11.000   167.700   104.900 
-40.000  13.000   159.300   48.260 
-40.000  25.000   153.900    0.230 
-40.000   0.000   150.000    0.000 
-40.000   5.000   137.500    0.550 
-40.000   6.000   142.200    5.940 
-40.000   7.000   147.400   41.130 
-40.000   8.000   157.400   157.500 
-40.000   9.000   167.000   140.200 
-40.000  10.000   172.000   62.730 
-40.000  11.000   169.600   79.530 
-40.000  13.000   161.800   39.430 
-40.000  25.000   150.000    0.000 
-40.000   0.000   150.000    0.420 
-40.000   5.000   142.300    6.420 
-40.000   6.000   140.000    8.710 
-40.000   7.000   137.300   80.640 
-40.000   8.000   151.000   185.980 
-40.000   9.000   173.900   109.100 
-40.000  10.000   177.800   45.430 
-40.000  11.000   171.600   56.890 
-40.000  13.000   161.200   19.480 
-40.000  25.000   150.000    0.000 
-35.000   0.000   150.000    0.690 
-35.000   5.000   139.000   10.150 
-35.000   6.000   133.400   13.470 
-35.000   7.000   125.900   94.220 
-35.000   8.000   135.800   127.290 
-35.000   9.000   156.200   228.290 
-35.000  10.000   180.100   121.740 
-35.000  11.000   172.100   38.760 
-35.000  13.000   158.700    4.510 
-35.000  25.000   150.000    0.000 
-35.000   0.000   150.000    0.550 
-35.000   5.000   129.000   15.630 
-35.000   6.000   116.800   121.620 
-35.000   7.000   108.700   289.790 
-35.000   8.000   126.400   119.720 
-35.000   9.000   128.900   426.440 
-35.000  10.000   178.200   218.610 
-35.000  11.000   171.200   40.990 
-35.000  13.000   157.700    2.560 
-35.000  25.000   150.000    0.000 
-35.000   0.000   150.000    0.000 
-35.000   5.000   131.500    4.700 
-35.000   6.000   122.200   152.640 
-35.000   7.000   117.600   310.520 
-35.000   8.000   136.000   149.850 
-35.000   9.000   135.800   221.910 
-35.000  10.000   180.600   269.610 
-35.000  11.000   184.100   123.590 
-35.000  13.000   159.400    4.860 
-35.000  25.000   150.000    0.000 
-35.000   0.000   150.000    0.000 
-35.000   5.000   140.100   34.870 
-35.000   6.000   140.900   56.890 
-35.000   7.000   145.000   67.810 
-35.000   8.000   157.600   61.600 
-35.000   9.000   178.500   95.770 
-35.000  10.000   204.200   185.660 
-35.000  11.000   232.600   311.690 
-35.000  13.000   166.100    8.390 
-35.000  25.000   150.000    0.000 
-35.000   0.000   150.000    0.000 
-35.000   5.000   147.100   32.240 
-35.000   6.000   147.200    6.950 
-35.000   7.000   149.400   14.970 
-35.000   8.000   159.000   56.950 
-35.000   9.000   191.200   168.380 
-35.000  10.000   220.400   162.420 
-35.000  11.000   229.900   283.600 
-35.000  13.000   165.800    8.250 
-35.000  25.000   150.000    0.000 
-35.000   0.000   150.000    0.000 
-35.000   5.000   150.100    3.270 
-35.000   6.000   150.500   16.150 
-35.000   7.000   153.300   25.630 
-35.000   8.000   159.300   10.560 
-35.000   9.000   180.800   125.940 
-35.000  10.000   209.000   263.710 
-35.000  11.000   181.800   111.800 
-35.000  13.000   162.100    0.870 
-35.000  25.000   150.000    0.000 
-35.000   0.000   150.000    0.000 
-35.000   5.000   156.100   105.220 
-35.000   6.000   155.300   129.990 
-35.000   7.000   161.900   167.880 
-35.000   8.000   174.100   236.890 
-35.000   9.000   190.300   322.370 
-35.000  10.000   176.600   135.770 
-35.000  11.000   161.100    6.600 
-35.000  13.000   150.000    0.000 
-35.000  25.000   150.000    0.000 
-35.000   0.000   150.000    7.850 
-35.000   5.000   161.500   148.280 
-35.000   6.000   159.900   92.480 
-35.000   7.000   159.900   75.450 
-35.000   8.000   160.600   48.750 
-35.000   9.000   160.500    9.720 
-35.000  10.000   157.900    3.500 
-35.000  11.000   154.700    0.890 
-35.000  13.000   150.000    0.000 
-35.000  25.000   150.000    0.000 
-35.000   0.000   150.000    0.000 
-35.000   5.000   150.000    0.000 
-35.000   6.000   150.000    0.000 
-35.000   7.000   150.000    0.000 
-35.000   8.000   150.000    0.000 
-35.000   9.000   150.000    0.000 
-35.000  10.000   150.000    0.000 
-35.000  11.000   150.000    0.000 
-35.000  13.000   150.000    0.000 
-35.000  25.000   150.000    0.000 
