19.000  10.000   
-40.000   0.000   150.000    0.000 
-40.000   5.000   155.300   33.270 
-40.000   6.000   152.500    1.440 
-40.000   7.000   153.300    0.340 
-40.000   8.000   150.000    0.000 
-40.000   9.000   150.000    0.000 
-40.000  10.000   150.000    0.000 
-40.000  11.000   150.000    0.000 
-40.000  13.000   150.000    0.000 
-40.000  25.000   150.000    0.000 
-40.000   0.000   150.000    0.100 
-40.000   5.000   158.500   122.660 
-40.000   6.000   155.600   117.190 
-40.000   7.000   156.000   114.990 
-40.000   8.000   156.900   93.410 
-40.000   9.000   156.400   39.260 
-40.000  10.000   155.200    1.230 
-40.000  11.000   150.000    0.110 
-40.000  13.000   150.000    0.000 
-40.000  25.000   150.000    0.000 
-40.000   0.000   150.000    0.000 
-40.000   5.000   150.000    0.010 
-40.000   6.000   152.500    3.650 
-40.000   7.000   155.600   44.570 
-40.000   8.000   162.500   137.070 
-40.000   9.000   177.100   388.750 
-40.000  10.000   166.100   109.370 
-40.000  11.000   154.800    2.400 
-40.000  13.000   152.600    1.530 
-40.000  25.000   150.000    0.000 
-40.000   0.000   150.000    0.000 
-40.000   5.000   150.000    0.000 
-40.000   6.000   150.000    0.000 
-40.000   7.000   150.000    0.000 
-40.000   8.000   150.000    0.150 
-40.000   9.000   180.000   167.900 
-40.000  10.000   193.900   255.840 
-40.000  11.000   162.000   29.410 
-40.000  13.000   153.600    2.600 
-40.000  25.000   151.600    0.200 
-40.000   0.000   150.000    0.000 
-40.000   5.000   154.500    3.060 
-40.000   6.000   154.300   11.740 
-40.000   7.000   156.000   31.200 
-40.000   8.000   157.500   35.990 
-40.000   9.000   162.100   26.140 
-40.000  10.000   183.100   95.560 
-40.000  11.000   172.600   102.330 
-40.000  13.000   156.700    6.460 
-40.000  25.000   150.000    0.000 
-40.000   0.000   150.000    0.100 
-40.000   5.000   170.700   168.230 
-40.000   6.000   166.500   159.220 
-40.000   7.000   160.100   75.630 
-40.000   8.000   155.600   19.270 
-40.000   9.000   156.800    1.890 
-40.000  10.000   165.200   15.390 
-40.000  11.000   166.400   59.830 
-40.000  13.000   157.300   11.090 
-40.000  25.000   150.000    0.000 
-40.000   0.000   150.000    0.000 
-40.000   5.000   174.300   139.630 
-40.000   6.000   168.600   116.500 
-40.000   7.000   159.800   29.280 
-40.000   8.000   155.500    1.360 
-40.000   9.000   150.000    0.130 
-40.000  10.000   159.900    8.080 
-40.000  11.000   160.000   24.460 
-40.000  13.000   156.600   10.870 
-40.000  25.000   150.000    0.000 
-40.000   0.000   150.000    0.000 
-40.000   5.000   156.800    2.170 
-40.000   6.000   162.200   42.890 
-40.000   7.000   169.500   89.250 
-40.000   8.000   162.900   41.850 
-40.000   9.000   156.700   15.910 
-40.000  10.000   157.600   23.610 
-40.000  11.000   157.500   20.460 
-40.000  13.000   155.500    4.240 
-40.000  25.000   150.000    0.000 
-40.000   0.000   150.000    0.000 
-40.000   5.000   150.000    0.000 
-40.000   6.000   151.200    1.950 
-40.000   7.000   156.600   25.340 
-40.000   8.000   164.100   88.000 
-40.000   9.000   160.400   87.590 
-40.000  10.000   156.500   57.630 
-40.000  11.000   156.200    9.640 
-40.000  13.000   155.400    2.030 
-40.000  25.000   150.000    0.000 
-40.000   0.000   150.000    0.000 
-40.000   5.000   144.100    0.590 
-40.000   6.000   145.400    0.660 
-40.000   7.000   145.900   33.240 
-40.000   8.000   144.500   123.500 
-40.000   9.000   153.400   128.100 
-40.000  10.000   156.000   27.600 
-40.000  11.000   156.200    4.420 
-40.000  13.000   155.300    3.680 
-40.000  25.000   150.000    0.000 
-35.000   0.000   150.000    0.000 
-35.000   5.000   136.800    6.180 
-35.000   6.000   135.200   22.730 
-35.000   7.000   128.000   184.850 
-35.000   8.000   129.300   161.060 
-35.000   9.000   140.200   58.920 
-35.000  10.000   154.600    4.320 
-35.000  11.000   159.800    9.910 
-35.000  13.000   157.000    7.040 
-35.000  25.000   150.000    0.000 
-35.000   0.000   150.000    0.490 
-35.000   5.000   118.000   70.670 
-35.000   6.000   103.800   383.760 
-35.000   7.000   106.000   367.850 
-35.000   8.000   109.400   373.240 
-35.000   9.000   117.500   264.600 
-35.000  10.000   156.700   28.360 
-35.000  11.000   167.300   27.460 
-35.000  13.000   159.000   10.030 
-35.000  25.000   150.000    0.000 
-35.000   0.000   150.000    0.000 
-35.000   5.000   116.300   101.700 
-35.000   6.000   107.200   497.110 
-35.000   7.000   113.100   349.090 
-35.000   8.000   118.700   228.710 
-35.000   9.000   128.400   134.860 
-35.000  10.000   174.700   95.100 
-35.000  11.000   185.200   65.110 
-35.000  13.000   162.500    9.750 
-35.000  25.000   150.000    0.000 
-35.000   0.000   150.000    0.000 
-35.000   5.000   132.800    1.480 
-35.000   6.000   135.600   31.450 
-35.000   7.000   139.100   26.440 
-35.000   8.000   144.700   14.150 
-35.000   9.000   159.500   13.760 
-35.000  10.000   229.400   165.670 
-35.000  11.000   228.200   174.960 
-35.000  13.000   165.600    4.690 
-35.000  25.000   150.000    0.000 
-35.000   0.000   150.000    0.000 
-35.000   5.000   150.000    0.000 
-35.000   6.000   150.000    0.130 
-35.000   7.000   150.500    1.480 
-35.000   8.000   156.900    1.780 
-35.000   9.000   198.100   88.050 
-35.000  10.000   459.900   480.740 
-35.000  11.000   273.400   329.670 
-35.000  13.000   166.800    1.430 
-35.000  25.000   150.000    0.000 
-35.000   0.000   150.000    0.000 
-35.000   5.000   150.000    0.000 
-35.000   6.000   150.000    0.000 
-35.000   7.000   159.000    3.340 
-35.000   8.000   169.200    4.940 
-35.000   9.000   254.700   284.990 
-35.000  10.000   332.000   421.320 
-35.000  11.000   193.700   91.320 
-35.000  13.000   163.900    0.200 
-35.000  25.000   150.000    0.000 
-35.000   0.000   150.000    0.000 
-35.000   5.000   175.400   39.710 
-35.000   6.000   173.100   29.280 
-35.000   7.000   173.000   33.870 
-35.000   8.000   181.700   20.500 
-35.000   9.000   198.100   58.380 
-35.000  10.000   183.900   12.790 
-35.000  11.000   165.000    5.220 
-35.000  13.000   150.000    0.000 
-35.000  25.000   150.000    0.000 
-35.000   0.000   150.000    0.000 
-35.000   5.000   172.100   63.600 
-35.000   6.000   165.400   24.000 
-35.000   7.000   164.300    6.290 
-35.000   8.000   150.000    0.000 
-35.000   9.000   150.000    0.000 
-35.000  10.000   150.000    0.030 
-35.000  11.000   156.300    0.400 
-35.000  13.000   150.000    0.000 
-35.000  25.000   150.000    0.000 
-35.000   0.000   150.000    0.000 
-35.000   5.000   150.000    0.000 
-35.000   6.000   150.000    0.000 
-35.000   7.000   150.000    0.000 
-35.000   8.000   150.000    0.000 
-35.000   9.000   150.000    0.000 
-35.000  10.000   150.000    0.000 
-35.000  11.000   150.000    0.000 
-35.000  13.000   150.000    0.000 
-35.000  25.000   150.000    0.000 
