19.000  10.000   
-40.000   0.000   150.000   18.950 
-40.000   5.000   160.100   106.460 
-40.000   6.000   156.700    1.050 
-40.000   7.000   150.000    0.010 
-40.000   8.000   150.000    0.000 
-40.000   9.000   150.000    0.000 
-40.000  10.000   150.000    0.000 
-40.000  11.000   150.000    0.000 
-40.000  13.000   150.000    0.000 
-40.000  25.000   150.000    0.000 
-40.000   0.000   150.000   37.590 
-40.000   5.000   171.000   302.010 
-40.000   6.000   164.000   179.540 
-40.000   7.000   163.200   124.080 
-40.000   8.000   160.000   60.810 
-40.000   9.000   157.700    8.310 
-40.000  10.000   150.000    0.150 
-40.000  11.000   150.000    0.000 
-40.000  13.000   150.000    0.000 
-40.000  25.000   150.000    0.000 
-40.000   0.000   150.000    0.000 
-40.000   5.000   150.000    0.000 
-40.000   6.000   156.100    8.960 
-40.000   7.000   159.500   46.460 
-40.000   8.000   164.800   82.850 
-40.000   9.000   166.600   83.560 
-40.000  10.000   157.100    3.240 
-40.000  11.000   153.800    0.290 
-40.000  13.000   150.000    0.040 
-40.000  25.000   150.000    0.000 
-40.000   0.000   150.000    0.000 
-40.000   5.000   150.000    0.000 
-40.000   6.000   150.000    0.000 
-40.000   7.000   150.000    0.000 
-40.000   8.000   150.000    0.000 
-40.000   9.000   159.300    7.110 
-40.000  10.000   161.100    4.260 
-40.000  11.000   150.000    0.000 
-40.000  13.000   150.000    0.000 
-40.000  25.000   150.000    0.000 
-40.000   0.000   150.000    0.000 
-40.000   5.000   150.000    0.080 
-40.000   6.000   154.300    1.380 
-40.000   7.000   153.200    2.670 
-40.000   8.000   153.000    1.590 
-40.000   9.000   154.700    0.260 
-40.000  10.000   150.000    0.040 
-40.000  11.000   150.000    0.000 
-40.000  13.000   150.000    0.000 
-40.000  25.000   150.000    0.000 
-40.000   0.000   150.000   22.750 
-40.000   5.000   184.600   189.010 
-40.000   6.000   161.300   30.960 
-40.000   7.000   155.000    7.630 
-40.000   8.000   153.200    0.970 
-40.000   9.000   150.000    0.170 
-40.000  10.000   150.000    0.160 
-40.000  11.000   156.000    0.450 
-40.000  13.000   150.000    0.000 
-40.000  25.000   150.000    0.000 
-40.000   0.000   150.000   15.470 
-40.000   5.000   185.000   167.090 
-40.000   6.000   165.600   31.960 
-40.000   7.000   157.300    3.220 
-40.000   8.000   150.000    0.000 
-40.000   9.000   150.000    0.000 
-40.000  10.000   155.700    3.300 
-40.000  11.000   154.600    2.260 
-40.000  13.000   150.000    0.000 
-40.000  25.000   150.000    0.000 
-40.000   0.000   150.000    0.000 
-40.000   5.000   161.000    0.810 
-40.000   6.000   160.700   14.800 
-40.000   7.000   158.700   14.690 
-40.000   8.000   155.200    2.420 
-40.000   9.000   154.600    2.070 
-40.000  10.000   155.700    9.270 
-40.000  11.000   154.300    7.070 
-40.000  13.000   150.000    0.000 
-40.000  25.000   150.000    0.000 
-40.000   0.000   150.000    0.000 
-40.000   5.000   150.000    0.000 
-40.000   6.000   150.000    0.000 
-40.000   7.000   152.600    0.230 
-40.000   8.000   154.000    2.590 
-40.000   9.000   156.100   14.230 
-40.000  10.000   155.500   18.720 
-40.000  11.000   153.600    5.420 
-40.000  13.000   150.000    0.040 
-40.000  25.000   150.000    0.000 
-40.000   0.000   150.000    0.000 
-40.000   5.000   150.000    0.000 
-40.000   6.000   150.000    0.000 
-40.000   7.000   147.900    5.780 
-40.000   8.000   149.600   40.830 
-40.000   9.000   153.000   54.130 
-40.000  10.000   153.400   16.380 
-40.000  11.000   152.500    0.200 
-40.000  13.000   152.600    0.330 
-40.000  25.000   150.000    0.000 
-35.000   0.000   150.000    0.000 
-35.000   5.000   119.800    4.300 
-35.000   6.000   130.700   72.400 
-35.000   7.000   134.600   175.340 
-35.000   8.000   139.600   116.810 
-35.000   9.000   145.900   26.770 
-35.000  10.000   150.800    0.270 
-35.000  11.000   150.000    0.000 
-35.000  13.000   153.400    0.670 
-35.000  25.000   150.000    0.000 
-35.000   0.000   150.000   96.100 
-35.000   5.000   78.800   1281.830 
-35.000   6.000   93.600   718.360 
-35.000   7.000   107.800   383.310 
-35.000   8.000   121.700   139.370 
-35.000   9.000   135.300    9.100 
-35.000  10.000   150.000    0.030 
-35.000  11.000   150.000    0.070 
-35.000  13.000   154.900    1.060 
-35.000  25.000   150.000    0.000 
-35.000   0.000   150.000   215.470 
-35.000   5.000   70.600   1776.170 
-35.000   6.000   95.400   584.750 
-35.000   7.000   111.000   240.560 
-35.000   8.000   127.500   76.260 
-35.000   9.000   142.000   10.990 
-35.000  10.000   157.300    0.290 
-35.000  11.000   161.800    2.590 
-35.000  13.000   157.200    2.440 
-35.000  25.000   150.000    0.000 
-35.000   0.000   150.000    0.000 
-35.000   5.000   112.300    5.240 
-35.000   6.000   129.100   12.510 
-35.000   7.000   139.400   11.440 
-35.000   8.000   146.600    3.950 
-35.000   9.000   157.000    1.050 
-35.000  10.000   179.400   13.210 
-35.000  11.000   177.500   20.110 
-35.000  13.000   161.300    3.110 
-35.000  25.000   150.000    0.000 
-35.000   0.000   150.000    0.000 
-35.000   5.000   150.000    0.000 
-35.000   6.000   150.000    0.000 
-35.000   7.000   153.900    0.370 
-35.000   8.000   162.700    1.920 
-35.000   9.000   196.900   22.810 
-35.000  10.000   303.400   170.050 
-35.000  11.000   200.300   40.500 
-35.000  13.000   164.600    0.490 
-35.000  25.000   150.000    0.000 
-35.000   0.000   150.000    0.000 
-35.000   5.000   150.000    0.000 
-35.000   6.000   150.000    0.000 
-35.000   7.000   179.300    3.210 
-35.000   8.000   235.200   144.360 
-35.000   9.000   772.200   543.730 
-35.000  10.000   522.700   352.990 
-35.000  11.000   206.100   16.700 
-35.000  13.000   150.000    0.000 
-35.000  25.000   150.000    0.000 
-35.000   0.000   150.000   29.060 
-35.000   5.000   350.300   384.970 
-35.000   6.000   362.000   371.610 
-35.000   7.000   411.500   527.550 
-35.000   8.000   485.100   579.910 
-35.000   9.000   397.600   332.440 
-35.000  10.000   232.900   26.050 
-35.000  11.000   150.000    0.100 
-35.000  13.000   150.000    0.000 
-35.000  25.000   150.000    0.000 
-35.000   0.000   150.000   20.550 
-35.000   5.000   248.700   238.040 
-35.000   6.000   204.000   96.900 
-35.000   7.000   193.500   33.970 
-35.000   8.000   209.300    1.080 
-35.000   9.000   150.000    0.000 
-35.000  10.000   150.000    0.000 
-35.000  11.000   150.000    0.000 
-35.000  13.000   150.000    0.000 
-35.000  25.000   150.000    0.000 
-35.000   0.000   150.000    0.000 
-35.000   5.000   150.000    0.000 
-35.000   6.000   150.000    0.000 
-35.000   7.000   150.000    0.000 
-35.000   8.000   150.000    0.000 
-35.000   9.000   150.000    0.000 
-35.000  10.000   150.000    0.000 
-35.000  11.000   150.000    0.000 
-35.000  13.000   150.000    0.000 
-35.000  25.000   150.000    0.000 
